4 0 11 8
100 997
2722 763
1049 562
1548 1236
3507 1354
2720 1497
2025 481
708 1376
2
3
0
2
3
3
2
0
1049 562
3507 1354
1548 1236
2722 763
708 1376
3507 1354
2722 763
3507 1354
2025 481
1548 1236
942 1242
1548 1236
3507 1354
2720 1497
2025 481
708 1376
100 997
2722 763
1049 562
1548 1236
3507 1354
2720 1497
100 997
1049 562
708 1376
1671 655
2025 481
1429 1075
1860 593
2429 1268
1351 1269
1351 1269
2297 822
2722 763
3507 1354
2722 763
2722 763
2720 1497
3507 1354
3507 1354
3507 1354
2720 1497
2722 763
2720 1497
